1009
1074
1053
1100
1022
1023
1044
1047
1087
1067
1073
1013
1085
1028
1070
1002
1062
1034
1008
1079
1012
1058
1065
1051
1016
1099
1024
1027
1020
1092
1091
1080
1011
1064
1038
1036
1077
1049
1066
1032
1081
1060
1031
1015
1089
1061
1068
1026
1056
1086
1057
1040
1050
1025
1097
1069
1094
1052
1071
1082
1001
1003
1083
1093
1018
1030
1010
1090
1041
1095
1075
1004
1006
1045
1055
1021
1078
1037
1000
1035
1084
1059
1005
1096
1029
1048
1014
1007
1043
1054
1033
1046
1042
1019
1088
1076
1072
1017
1039
1101
1063
1098
3019
3098
3060
3100
3047
3091
3051
3046
3036
3040
3082
3007
3000
3010
3068
3031
3032
3089
3080
3058
3081
3090
3094
3056
3006
3009
3095
3037
3067
3003
3038
3004
3039
3002
3073
3013
3057
3096
3055
3018
3028
3084
3043
3034
3033
3079
3076
3077
3044
3022
3014
3097
3001
3059
3023
3085
3052
3092
3042
3088
3066
3062
3012
3071
3087
3020
3045
3069
3075
3101
3093
3005
3083
3065
3063
3054
3072
3025
3048
3041
3053
3061
3015
3049
3050
3011
3017
3026
3029
3024
3021
3074
3016
3035
3008
3070
3086
3078
3027
3064
3099
3030
4085
4034
4021
4071
4069
4041
4007
4086
4020
4002
4076
4051
4078
4060
4026
4067
4062
4064
4063
4072
4005
4101
4013
4036
4080
4077
4082
4055
4098
4084
4027
4010
4090
4068
4094
4073
4057
4004
4095
4011
4001
4079
4075
4042
4038
4033
4043
4056
4012
4032
4046
4100
4048
4023
4029
4099
4093
4031
4047
4087
4000
4045
4040
4024
4035
4017
4019
4083
4081
4058
4003
4015
4018
4065
4097
4030
4066
4089
4008
4039
4028
4016
4052
4092
4006
4049
4061
4014
4070
4050
4059
4074
4053
4044
4088
4091
4037
4009
4096
4022
4025
4054
88
45
73
77
90
59
21
35
81
101
54
69
84
62
79
29
95
25
16
83
67
63
44
96
17
34
52
23
55
24
22
57
15
51
58
7
27
47
42
56
98
92
10
74
9
61
12
72
38
19
75
91
93
8
43
39
66
64
76
13
14
65
26
2
11
6
18
49
85
36
32
78
70
53
33
41
30
31
46
82
20
40
3
71
28
100
1
37
99
48
80
87
86
68
50
4
89
94
5
60
97
102
2091
2100
2042
2075
2028
2043
2019
2094
2024
2015
2071
2012
2096
2035
2079
2045
2056
2031
2054
2069
2058
2046
2013
2051
2039
2023
2082
2083
2074
2044
2090
2068
2095
2029
2014
2003
2097
2078
2093
2006
2060
2001
2040
2008
2027
2030
2062
2047
2081
2055
2070
2016
2007
2033
2026
2077
2049
2036
2063
2073
2065
2041
2000
2098
2084
2057
2052
2064
2022
2004
2018
2101
2025
2020
2066
2021
2017
2088
2034
2085
2037
2080
2076
2032
2086
2072
2099
2061
2067
2087
2048
2038
2059
2011
2005
2053
2092
2010
2002
2089
2009
2050